,area,price
0,3300,55632.93000113084
1,2300,45142.14633043085
2,4500,68221.87040597081
3,8600,111234.08345584075
4,2600,48289.38143164084
5,1200,33602.284292660865
6,1300,34651.36265973086
7,1400,35700.441026800865
8,1500,36749.51939387086
9,1600,37798.59776094086
10,1700,38847.67612801086
11,1800,39896.75449508085
12,1900,40945.832862150855
13,3600,58780.16510234083
14,3700,59829.24346941083
15,3800,60878.32183648083
16,3900,61927.400203550824
17,4200,65074.63530476082
18,4300,66123.71367183082
19,4500,68221.87040597081
